123456789123456798123456798123456798123456789123456789123456798123456798123456798123456789
123456789123456798123456798123456798123456789
123456789123456798123456798123456798123456789
123456789123456798123456798123456798123456789
123456789123456798123456798123456798123456789
123456789123456798123456798123456798123456789123456789123456798123456798123456798123456789123456789123456798123456798123456798123456789
123456789123456798123456798123456798123456789
123456789123456798123456798123456798123456789
123456789123456798123456798123456798123456789
123456789123456798123456798123456798123456789
123456789123456798123456798123456798123456789
123456789123456798123456798123456798123456789
123456789123456798123456798123456798123456789123456789123456798123456798123456798123456789
123456789123456798123456798123456798123456789123456789123456798123456798123456798123456789123456789123456798123456798123456798123456789123456789123456798123456798123456798123456789123456789123456798123456798123456798123456789
123456789123456798123456798123456798123456789123456789123456798123456798123456798123456789123456789123456798123456798123456798123456789123456789123456798123456798123456798123456789123456789123456798123456798123456798123456789123456789123456798123456798123456798123456789